note,start,dur
156.172,4,9
138.41,256,37
185.259,310,52
185.425,366,5
123.908,382,18
123.25,406,14
123.548,427,7
185.275,437,30
184.898,468,21
176.155,491,4
105.104,777,26
155.858,838,37
206.004,939,17
182.141,957,4
154.915,964,6
156.118,972,9
204.073,991,8
183.359,1000,8
155.952,1013,16
138.805,1043,33
138.83,1170,25
156.124,1196,33
139.34,1240,26
116.31,1270,26
104.432,1302,24
155.982,1360,33
207.417,1461,18
156.435,1483,9
155.357,1496,7
205.575,1513,12
156.21,1526,22
138.741,1560,35
138.627,1688,26
156.091,1721,27
152.77,1749,7
138.579,1757,26
115.588,1785,24
104.074,1819,25
156.445,1881,30
206.884,1976,16
158.312,1997,13
152.544,2012,9
204.417,2028,14
156.415,2043,12
155.985,2056,9
138.392,2075,28
138.449,2108,29
138.899,2202,16
138.863,2219,17
156.171,2237,26
138.794,2268,31
116.498,2303,24
104.623,2341,15
104.429,2358,8
155.84,2402,28
207.049,2495,15
156.638,2518,15
205.736,2548,7
155.428,2561,22
138.842,2599,28
139.305,2725,27
138.416,2755,21
161.199,2780,4
156.632,2788,28
139.038,2817,25
108.202,2851,8
104.124,2863,8
100.737,2873,4
156.167,2912,32
207.544,2981,15
156.233,3013,11
207.936,3034,17
155.039,3059,10
206.504,3080,18
138.696,3104,39
139.212,3238,31
156.326,3270,28
138.624,3304,30
115.582,3336,27
104.21,3371,21
156.001,3427,35
206.544,3494,25
155.859,3529,10
206.646,3549,19
156.205,3576,12
203.797,3595,21
138.732,3622,35
138.653,3756,24
156.119,3787,24
138.943,3821,14
139.959,3836,10
116.432,3851,26
104.057,3882,21
154.224,3944,6
156.178,3951,26
207.631,4014,28
208.397,4064,17
156.016,4091,8
207.544,4109,20
210.423,4130,4
138.773,4137,21
138.204,4159,12
138.024,4172,8
138.941,4273,23
138.875,4302,25
156.535,4331,33
139.358,4366,12
138.608,4379,15
104.11,4403,24
156.148,4466,30
141.695,4504,4
207.322,4528,21
155.587,4560,5
154.478,4566,5
208.169,4581,14
155.217,4607,13
207.911,4625,29
138.562,4657,9
138.832,4667,26
138.965,4788,28
137.763,4820,4
139.954,4825,20
156.604,4849,29
156.143,4882,22
164.534,4916,33
187.13,4984,27
183.948,5014,13
174.322,5029,5
208.489,5045,32
177.278,5106,5
184.785,5113,29
182.699,5146,9
164.213,5171,33
164.604,5206,22
185.583,5235,31
185.065,5270,23
209.08,5303,26
207.916,5337,23
185.404,5369,26
164.435,5401,17
209.412,5428,42
222.881,5481,5
156.558,5492,38
208.112,5621,33
156.019,5657,31
138.907,5691,44
156.208,5879,20
138.834,5900,12
116.071,5916,8
115.674,5925,12
104.077,5949,21
153.09,6008,4
155.948,6013,30
207.181,6078,22
212.366,6101,6
155.847,6136,6
155.918,6143,26
154.049,6170,5
138.458,6206,34
155.987,6330,33
139.851,6365,29
116.506,6399,26
138.88,6433,22
104.099,6466,20
155.852,6520,37
207.571,6590,29
155.915,6621,13
205.937,6644,9
200.047,6657,5
154.64,6667,13
207.605,6688,20
138.647,6719,16
138.202,6736,18
138.918,6848,30
156.163,6879,26
139.793,6906,7
138.524,6916,25
116.045,6942,25
104.461,6973,15
104.14,6990,11
155.763,7036,32
206.003,7101,7
207.371,7109,13
207.891,7123,7
155.028,7136,13
207.628,7154,18
155.879,7182,9
207.466,7199,25
138.566,7230,43
138.769,7357,23
141.151,7381,5
155.998,7390,29
139.138,7421,31
116.623,7456,24
104.223,7485,24
155.881,7546,34
207.327,7612,28
155.353,7648,11
208.235,7669,12
155.372,7694,9
207.377,7711,27
138.811,7742,5
138.741,7748,36
138.646,7870,28
156.366,7899,28
141.039,7932,4
138.357,7937,28
116.192,7967,25
104.006,8003,22
155.809,8066,28
145.932,8104,6
207.347,8159,24
155.493,8190,26
209.378,8224,8
206.591,8233,17
138.572,8255,27
139.366,8283,15
138.787,8383,19
139.334,8403,40
156.049,8451,20
155.854,8472,8
155.337,8481,5
163.752,8506,4
164.914,8516,21
163.868,8538,9
156.482,8550,5
185.04,8575,35
183.207,8612,9
165.864,8630,8
208.041,8642,34
208.588,8680,7
184.549,8702,33
187.73,8740,4
164.682,8768,21
164.554,8803,20
184.637,8830,26
185.491,8867,20
207.272,8898,22
207.228,8927,27
185.015,8959,30
184.452,8993,23
187.328,9023,6
208.829,9030,36
214.448,9068,7
156.482,9091,39
205.512,9212,38
155.909,9251,15
155.68,9267,13
138.864,9283,40
154.03,9473,17
139.025,9492,16
116.422,9511,23
103.931,9539,25
155.854,9602,33
207.426,9697,20
154.538,9719,18
156.23,9765,21
138.664,9798,38
138.278,9920,26
157.911,9947,6
156.198,9956,24
139.038,9982,32
116.213,10020,24
102.955,10054,17
155.859,10115,28
207.161,10207,17
157.311,10233,13
207.497,10256,14
155.886,10274,20
157.693,10297,5
138.559,10305,33
138.672,10431,27
155.984,10462,29
138.958,10500,24
116.246,10531,22
103.848,10563,24
155.819,10626,28
206.743,10717,21
156.746,10743,14
204.755,10770,15
156.143,10786,21
138.291,10816,42
138.516,10945,29
155.955,10975,31
138.704,11010,29
116.737,11040,29
104.125,11074,14
103.444,11089,8
88.435,11106,10
155.879,11135,32
207.215,11202,20
208.809,11223,9
149.564,11237,14
207.713,11254,15
156.074,11283,11
207.04,11298,25
138.392,11327,36
138.474,11457,29
155.948,11489,29
138.718,11526,23
117.179,11555,26
104.354,11585,27
156.008,11649,35
207.409,11714,29
156.361,11749,38
181.532,11807,4
207.447,11812,26
138.615,11843,34
138.91,11973,28
156.451,12005,27
138.533,12033,30
116.456,12068,24
104.691,12106,10
103.469,12120,7
155.67,12161,35
207.345,12228,18
206.118,12247,4
155.571,12263,13
207.44,12281,7
155.471,12309,7
207.579,12323,29
138.412,12357,29
156.286,12476,4
138.443,12485,19
143.213,12505,9
155.931,12518,33
138.461,12552,26
122.158,12579,6
116.263,12586,19
104.079,12610,13
103.816,12624,9
103.606,12634,4
155.932,12674,34
146.204,12711,6
207.138,12738,26
154.751,12772,10
205.743,12792,15
155.943,12820,8
184.628,12837,20
138.843,12868,31
138.685,12900,9
139,12997,40
139.237,13038,8
138.201,13047,5
155.971,13061,15
155.865,13077,15
164.294,13128,19
164.408,13159,20
185.473,13183,26
185.218,13214,24
207.542,13253,23
214.901,13278,4
215.81,13284,8
207.405,13293,19
173.686,13314,4
184.693,13319,19
184.199,13341,22
164.921,13379,23
164.979,13411,23
188.732,13439,5
186.088,13445,16
185.704,13473,18
206.746,13506,21
210.708,13531,4
207.75,13538,29
185.018,13568,19
165.093,13599,17
207.254,13633,35
156.27,13700,29
162.24,13730,7
195.455,13823,35
155.917,13860,23
162.485,13885,5
207.925,13894,28
206.438,13923,5
156.208,13951,43
196.338,14052,26
149.416,14079,4
156.077,14086,15
159.361,14102,6
195.95,14114,26
164.745,14150,19
165.015,14177,25
188.525,14210,9
184.55,14220,17
183.845,14238,23
206.394,14272,25
207.573,14307,27
185.32,14336,28
184.855,14365,21
190.917,14392,4
164.931,14397,34
164.684,14433,22
207.855,14456,5
186.1,14462,28
184.908,14491,23
209.236,14525,14
220.691,14540,14
209.144,14559,29
185.462,14590,6
186.667,14597,23
185.164,14625,23
208.998,14654,26
207.578,14681,22
156.105,14723,29
195.785,14814,24
155.913,14849,25
195.907,14882,16
123.464,14913,26
184.778,14971,38
110.297,15039,29
165.014,15102,32
104.342,15173,18
155.772,15227,35
202.526,15326,31
205.224,15378,9
156.067,15393,19
139.057,15426,32
138.774,15551,30
155.854,15582,27
143.159,15611,4
138.54,15619,25
116.229,15645,26
103.713,15679,24
155.906,15741,32
206.925,15837,16
155.534,15862,13
156.032,15905,20
147.275,15926,6
138.381,15936,37
149.84,16059,4
156.429,16064,24
138.78,16097,26
116.431,16125,21
138.417,16158,24
200.711,16189,29
156.008,16255,31
206.157,16348,16
156.637,16370,14
205.161,16398,12
155.793,16415,19
138.495,16445,17
138.12,16463,11
139.216,16573,19
156.162,16593,24
141.713,16618,50
156.498,16669,26
103.953,16703,25
155.703,16762,36
204.146,16860,31
151.41,16893,4
157.131,16899,5
203.951,16912,10
155.752,16930,20
138.57,16957,23
155.851,17083,16
155.757,17100,10
138.953,17117,29
116.523,17147,24
137.951,17180,20
208.226,17213,14
102.63,17228,7
155.743,17280,26
148.566,17317,8
207.525,17338,21
154.532,17369,18
206.641,17388,13
164.013,17408,5
156.274,17415,14
207.406,17433,20
138.631,17466,22
137.605,17490,5
146.5,17501,4
138.487,17594,27
155.806,17629,25
138.616,17657,20
141.66,17678,10
116.486,17691,20
103.977,17725,22
88.404,17759,5
155.579,17784,30
207.521,17850,18
156.304,17880,12
206.753,17897,23
156.108,17926,12
207.082,17945,19
210.892,17966,6
138.595,17976,39
138.673,18099,32
152.164,18132,7
156.285,18140,22
138.501,18166,26
116.494,18201,20
103.875,18236,18
84.312,18281,4
156.063,18290,31
207.242,18358,23
154.692,18390,14
206.763,18407,7
185.861,18415,5
198.872,18423,4
155.752,18439,7
207.066,18451,25
138.51,18484,30
156.66,18614,51
161.395,18666,4
156.978,18678,57
105.232,18742,21
156.166,18800,29
207.39,18869,20
156.058,18902,7
208.961,18917,20
153.83,18943,12
207.185,18964,19
104.069,18996,17
104.536,19014,4
138.977,19146,16
138.708,19163,14
156.693,19178,29
138.488,19208,24
104.194,19245,22
155.782,19308,30
207.933,19370,20
155.771,19400,11
206.931,19419,23
154.754,19451,7
207.801,19464,27
138.316,19494,36
155.818,19625,20
138.516,19657,11
138.099,19669,12
116.564,19689,21
138.627,19718,22
103.728,19752,22
156.096,19812,30
207.083,19878,27
206.48,19929,20
155.503,19959,8
207.67,19975,21
138.627,20004,34
138.614,20133,23
138.535,20157,8
156.649,20166,25
138.649,20192,35
115.829,20232,24
104.111,20261,27
155.641,20320,30
206.394,20394,16
209.436,20437,4
207.076,20442,19
154.782,20470,8
207.37,20487,20
138.703,20518,27
140.51,20547,4
155.864,20645,26
138.63,20679,31
116.373,20714,22
138.56,20742,20
208.007,20781,17
204.273,20954,7
180.116,20971,7
155.465,20979,9
205.412,20997,19
